Results Multilingual Hate Speech (Spanish):
tp: 388
tn: 323
fp: 496
fn: 35
accuracy: 0.572463768115942
precision: 0.43891402714932126
recall: 0.91725768321513
f1_score: 0.5937260902830911