Results ToxiGen (annotated test split):
tp: 368
tn: 334
fp: 204
fn: 34
accuracy: 0.7468085106382979
precision: 0.6433566433566433
recall: 0.9154228855721394
f1_score: 0.75564681724846