Results Multilingual Hate Speech (Spanish):
tp: 386
tn: 328
fp: 490
fn: 38
accuracy: 0.5748792270531401
precision: 0.4406392694063927
recall: 0.910377358490566
f1_score: 0.5938461538461539