Results Multilingual Hate Speech (English):
tp: 1251
tn: 1680
fp: 1508
fn: 1458
accuracy: 0.4970323893505172
precision: 0.45342515404131933
recall: 0.46179401993355484
f1_score: 0.45757132406730067