Results (Hate Label Only):
tp: 1413
tn: 2750
fp: 20603
fn: 17
accuracy: 0.16797804946939435
precision: 0.06418059593023256
recall: 0.9881118881118881
f1_score: 0.12053228695726353

Results (Hate + Offensive Language Labels):
tp: 20404
tn: 2551
fp: 1612
fn: 216
accuracy: 0.9262397611265787
precision: 0.926780523255814
recall: 0.9895247332686712
f1_score: 0.9571254339056197