Results In the Wild Jailbreak (English):
tp: 492
tn: 629
fp: 11
fn: 174
accuracy: 0.8583460949464012
precision: 0.9781312127236581
recall: 0.7387387387387387
f1_score: 0.8417450812660394