jigsaw (French):
tp: 2563
tn: 5469
fp: 2108
fn: 777
accuracy: 0.7357332600531281
precision: 0.5487047741383001
recall: 0.7673652694610779
f1_score: 0.6398701785045562