Results Multilingual Hate Speech (French):
tp: 345
tn: 358
fp: 174
fn: 220
accuracy: 0.6408386508659982
precision: 0.6647398843930635
recall: 0.6106194690265486
f1_score: 0.6365313653136531