jigsaw (Spanish):
tp: 2513
tn: 4022
fp: 1054
fn: 841
accuracy: 0.7752075919335706
precision: 0.7045135968601065
recall: 0.7492546213476446
f1_score: 0.7261956364687183