jigsaw (French):
tp: 2564
tn: 5467
fp: 2104
fn: 774
accuracy: 0.7361811348427904
precision: 0.5492716366752356
recall: 0.7681246255242661
f1_score: 0.6405196102922808