Results Violent Speech - VILLANOS (Spanish):
tp: 1123
tn: 1911
fp: 367
fn: 1348
accuracy: 0.6388713413350179
precision: 0.7536912751677852
recall: 0.4544718737353298
f1_score: 0.5670285281494571