jigsaw (Spanish):
tp: 2519
tn: 4027
fp: 1051
fn: 837
accuracy: 0.776144178325824
precision: 0.7056022408963586
recall: 0.7505959475566151
f1_score: 0.7274039849841177